6212 11628 11664 2781 50 1527 2877 6027 4235 3738
7922 8556 6212 3395 11628 6953 11664 2781 50 1527
6212 3235 11628 11664 2781 50 1527 2877 6027 4235
7922 8556 3395 6953 7090 10506 3619 834 3181 113
3476 9389 11036 11578 886 4460 1435 10524 2801 1837
4549 12169 10849 6507 3569 3420 11388 4065 4212 9727
9389 3481 11036 5715 9159 8665 3476 6355 8643 7000
8368 6459 6013 6159 1101 64 1572 5404 10050 3888
11733 9647 9278 10855 6172 5925 7092 11479 5566 11338
10471 10491 3190 8326 10506 9903 5491 10586 11462 10613

11903 11716 4484 4499 12514 12260 11960 11940 12274 12509
