6212 11628 50 11664 2781 1527 6027 2877 4235 3738
7922 8556 6212 3395 6953 11628 50 11664 2781 1527
6212 3235 11628 50 11664 2781 1527 6027 2877 4235
7922 8556 3395 6953 7090 10506 3619 834 3181 3347
3476 886 1435 4460 9389 11036 10524 2801 11578 3343
4549 12169 10849 3569 6507 11388 3420 11384 4212 2223
3481 9389 11036 5715 879 8665 3476 6355 7000 8643
8368 6459 6013 6159 1101 1572 64 5404 10050 3888
11733 9647 9278 10855 6172 5925 7092 11479 5566 11338
10471 10491 3190 8326 10506 9903 5491 10586 11462 10613

11716 11903 4484 4499 12514 12260 11960 12274 11940 12509